Webots Project File version R2022b
perspectives: 000000ff00000000fd000000030000000000000320000003fefc0100000001fb0000001e00480074006d006c0052006f0062006f007400570069006e0064006f0077000000000000000320000000000000000000000001000002ae00000369fc0200000001fb0000001400540065007800740045006400690074006f00720100000000000003690000008b00ffffff00000003000005a0000000d9fc0100000001fb0000001a0043006f006e0073006f006c00650041006c006c0041006c006c0100000000000005a00000000000000000000002f00000036900000001000000020000000100000008fc00000000
simulationViewPerspectives: 000000ff000000010000000200000118000006260100000002010000000100
sceneTreePerspectives: 000000ff00000001000000030000001e000001d1000000fa0100000002010000000200
maximizedDockId: -1
centralWidgetVisible: 1
orthographicViewHeight: 1
textFiles: 0 "../LAB3/CSCI3302_Lab3/controllers/lab3/lab3.py"
globalOptionalRendering: CoordinateSystem
renderingDevicePerspectives: laptop:display;0;0.203226;0;0
renderingDevicePerspectives: television:display;0;0.984375;0;0
